9472 -27
2305 59
5514 -90
8843 -15
6925 58
1168 -58
4881 -88
9108 82
4244 -80
2837 -29
7068 -52
4638 -52
7710 97
1699 -73
1316 -7
6312 -69
9768 -43
809 -23
5290 67
9515 -65
5803 84
3886 -75
9519 -71
816 -50
7858 73
818 55
3507 26
9651 -69
7477 -4
825 -55
6713 -20
4025 67
7098 -74
4027 8
4924 91
445 -72
6340 48
2757 20
2630 -2
4552 -68
3786 97
4302 84
6990 -7
5071 61
2005 88
8150 -2
1239 -63
9050 49
3805 100
2016 -54
1633 -12
4965 15
5992 -32
9834 88
5738 -24
7532 -56
7404 -84
2029 70
5358 -11
8944 -22
6256 59
2418 82
6645 28
3957 -74
2806 -29
7030 46
2809 -12
125 21
