5248 89
7552 87
4482 -30
6018 81
4227 -36
2307 54
3332 94
4740 -70
9860 81
9222 88
6025 -96
8074 -71
2699 -80
9101 -70
2449 -58
1045 -87
5013 -54
1942 -11
923 -71
8863 69
9379 -60
931 -87
1318 -16
5545 15
8618 28
4523 8
6957 20
3630 76
688 54
7600 97
8624 62
1457 89
2227 -14
4275 -72
693 18
821 -75
1592 35
3768 65
4281 -51
3899 -66
9403 96
3646 55
6592 -77
576 78
6976 69
5697 56
833 100
6210 80
4164 -63
6085 53
9157 -58
1733 -62
3398 31
1991 -52
8775 -4
2892 21
1871 -91
8015 -99
3407 15
5073 -13
8402 -12
7251 -50
6355 42
8790 -91
3544 49
2520 56
9432 58
4569 50
4317 58
1758 -28
5600 -63
6368 -53
1120 -50
5857 54
1250 -9
3811 12
4452 52
8166 -20
1384 -30
5738 74
1003 -51
8300 39
8044 -37
4460 86
4716 -11
9840 -87
5233 15
115 -45
5235 23
6388 -69
3575 19
8953 -22
9851 70
6651 17
6907 81
7935 -37
