2048 90
5250 100
8965 -10
1285 -48
1928 33
5897 -44
9868 40
2956 42
4237 12
8208 -78
8851 73
8085 -43
1814 42
2710 79
9238 98
8730 -98
8347 31
2716 28
1053 98
1310 -96
5790 -20
1567 78
6687 -58
3490 -78
4644 -81
1060 60
7846 7
9383 73
1831 37
9768 -59
5289 -18
1962 36
1196 30
6317 60
8494 -34
3509 -78
310 99
4279 24
6712 72
4537 62
2491 -92
3003 3
958 55
8766 -24
575 47
4928 69
2753 53
8386 -99
9924 33
3268 1
2117 89
7109 -53
1094 -57
9034 -79
1098 57
7628 38
3148 10
8528 91
2385 49
1873 -37
1747 -15
8020 81
1111 -44
7899 -59
3807 -4
1888 92
7266 -23
3558 -36
3175 19
9449 -33
3179 -24
8683 91
748 -45
1901 84
109 -47
1391 -14
5746 -48
499 -75
1395 -80
4340 37
8692 22
7925 -51
6006 -20
4342 8
1143 35
2554 -5
3963 -7
3965 -29
8959 -19
