256 83
6148 -53
3973 78
7685 -26
519 73
2444 -56
1293 -54
142 93
1934 -4
8974 23
5646 98
2703 45
2704 67
148 -87
3349 -33
9365 67
8342 -38
6040 -48
3096 77
7195 -4
6171 -80
539 -28
4125 7
4126 -30
3742 2
4641 -33
4513 -81
5796 -39
676 92
811 -39
7339 16
427 33
2607 -94
1967 -33
2737 79
7989 95
9014 -37
4408 44
3256 73
7869 -1
5821 70
5695 -18
64 44
2241 -2
7748 53
4037 1
4805 -75
6854 -61
8651 10
8139 40
6222 82
3022 -47
4945 -38
2002 86
210 97
5458 -79
3795 35
4569 60
5337 63
9179 -53
987 -23
7773 -65
1373 -98
611 -78
6372 58
4331 -89
2796 -74
4332 100
6766 -3
6772 29
8436 98
9718 3
7927 -29
7160 49
3322 25
8186 -3
8317 -73
2046 -92
