513 -9
3334 57
3846 38
3720 -17
7048 45
8328 75
9993 -53
8969 -83
7051 15
1676 -60
9359 91
8720 -70
8593 93
1683 91
6291 -56
5780 -64
4501 -8
4758 -2
5142 100
6550 -41
1047 -25
3991 -75
1687 -6
1048 2
25 -22
8604 -63
7073 58
292 -54
7845 -16
166 59
1063 -80
1577 98
6058 -66
2989 -94
9006 40
3502 63
7726 -96
9905 1
7858 -61
7219 76
8371 83
6964 27
2105 -64
5951 60
193 -63
6978 -44
194 -21
9667 23
9283 -80
3651 69
7751 61
5961 35
2378 77
6347 -14
2892 14
7758 67
9684 98
8024 -52
3931 99
9442 97
611 -56
8804 -97
1380 26
9188 -10
7014 56
1639 -29
8297 51
1515 -15
6770 79
3954 60
2290 86
8822 3
9718 -53
1533 42
2815 56
